

 




1

2

3


  .................................................................................. 1
   .......................................................... 2
 ........................................................................................... 2 .................................................  ..........................................   ...............   .................................................................
  ................................................................................... 
 ..............................................................................................................................  ..........................................................................................  ...........................................................................................................................  .....................................................................................................................
  ........................................................................... 

 ..........................................................................................................   ....................................................................................................................23

 _

 



  
   
  
   
 

       
   

  
   

  SDGs    

1

_ 

      
   
   HANA    
  SOS       
 25  9  28   28 
  
         
  
   
    
1 HANA    
2


      
  LGBTQ  
 1. 2. 3. 4.  
  SOS             NPO 
 11  11  
      
   
LGBTQ    ICT   
3

   ICT       
    ICT
    
     10  11   
4


   
   
   PTA  ICT  PTA    
    
      
 OJT  ×Ver1.2   PLC   
5



   NPO STEAM  

       

 

 
   
     

 

 

  ICT   
    

      
  

       
     
   

    
6


  
       1
 1      7   
    1
    
     
   
      
  WORK LAND JOB LAND    
7

 
20252029       
 ...     
  
     
2 
2 2
8

_ 
 

          
       
       
      
     
9


  
  
 2
  ICT 
     
  

  P  
   
() 
  
  
   
  
  
   
10





 


 2
  
          GIGA  AI 

  
  
ICT    ICT   

   
   
  
    
 
11

 
  
  
 
   
   

   
    ICT 
   
   

   
   

12



 
  

   
   
   
 ICT 

    
   
  
   

   
  
    
13

_    
   
         
 PTA        
  7  9  25 
14



 2  3

   
     
     
     
               
       
      

     
    
   ICT   4  AI        AI 
       
     
       
    

    3 
  4 
15


     
   35         
       STEAM  

    ALT   ALT      
       

     CAN-DO    
  36
         
     ICT   
 37
    
     
     

         

     

5  6 
 7 
 16

    
      ESD    SDGs 


     
      39

 
              
      
      
     8

      
      
   
 LGBTQ    40
  41
             

8   9  LGBTQ  
 
17

        
        
       
        
10
          

           
       
            
    SNS  

            

   ICT   
18

      
       4
    
     

13 4
     
          
14
    

     

     

12 4
     
     
         

      
     
   
    

HANA  

  

 

 12 34 56 



19

15 4
     
      
    
    
    
20





SMART PORTAL 









No



218 2 2 2
219 317
3 3 318 318 318 3 3 3 4 4 4 4 4 4 4 4 4 4 4 4 4 5 5 5 5 5 5 6 6 6 6 6 6 6 6 71015 7 7 716 7 7 7 7 7 7 7 7

143 2 3 4
448 540
6 6 742 742 742 7 8 8 9 9 9 9 9 9 9 9 10 11 11 11 11 12 12 12 12 12 12 13 14 14 15 15 16 16 16 172531 18 19 2036 21 21 21 21 21 21 21 21

       HANA      LGBTQ      ICT                      OJT  × Ver1.2   PLC                        WORK LAND  JOB LAND

21


7 7 7 7 8 8 1015 10 10 11 11 11 11 1115 11 11 11 15 15 15 15 15 15 15 16 16 16 16 16 16 16 16 1718 1718 17 17 1718 17 17 17 18 18 19 19 19 19 19 19 19 19 19 19 19 19 20 20 20 20 20 20 20 20 20

No
21 21 21 21 22 23 2429 24 26 27 27 27 27 2730 27 28 28 30 32 33 33 33 33 34 35 36 36 36 37 37 37 37 3842 3842 39 39 4142 41 41 41 42 42 44 44 44 44 44 45 46 46 46 47 48 48 49 49 49 49 49 49 49 49 49


        KYOTO                                                        12 34 56           

22

 23

  
604-8571 488 7  075-222-3815

